000000111000
000000111000
000010101000
000010101000
000100001000
000100001000
000100111000
000100111000
000010110010
000000010010
000010101000
000010101000
000000111000
000000111000
000100111000
000100111000
000100001000
000100001000
000011000100
000000100100
000100001000
000100001000
000100111000
000100111000
000000111000
000000111000
000010101000
000010101000
000001011000
000100111000
000100111000
000100001000
000100001000
000010101000
000010101000
000000111000
000000111000
000011011000
000011011000
000001011000
000001011000
000011100010
000000111000
000000111000
000001011000
000001011000
000010101000
000010101000
000011011000
000011011000
000011110100
000001011000
000001011000
000000111000
000000111000
000011011000
000011011000
000010101000
000010101000
000001100100
000011011000
000011011000
000001011000
000001011000
000010101000
000010101000
000100001000
000100001000
000000111000
000000111000
000100111000
000100111000
000100010100
000001110010
000001011000
000001011000
000011011000
000011011000
000100001000
000100001000
000010101000
000100111000
000100111000
000000111000
000010000100
000100100010
000001011000
000001011000
000011011000
000011011000
000100111000
000100111000
000100001000
000100001000
000010010010
000011011000
000011011000
000001011000
000001011000
000100111000
000100001000
000100001000
000101000100
