000000101000
000000101000
000011011000
000011011000
000100001000
000100001000
000100111000
000100111000
000010110010
000000010010
000011011000
000011011000
000000101000
000000101000
000100111000
000100111000
000100001000
000100001000
000011000100
000100001000
000100001000
000100111000
000100111000
000000101000
000000101000
000011011000
000011011000
000001111000
000001111000
000000110100
000100111000
000100111000
000100001000
000100001000
000011011000
000011011000
000000101000
000000101000
000011111000
000011111000
000001111000
000001111000
000001000100
000011100010
000000101000
000000101000
000001111000
000001111000
000011011000
000011011000
000011111000
000011111000
000001010100
000001111000
000001111000
000000101000
000000101000
000011111000
000011111000
000011011000
000011011000
000001100010
000011111000
000011111000
000001111000
000001111000
000011011000
000011011000
000100001000
000100001000
000000101000
000000101000
000100111000
000100111000
000001111000
000001111000
000011111000
000011111000
000100001000
000100001000
000100111000
000100111000
000010000100
000011111000
000011111000
000001111000
000001111000
000100111000
000100111000
000100001000
000100001000
000010010010
000001111000
000001111000
000011111000
000011111000
000100111000
000100001000
000100001000
000010100100
000101000010
