000000101000
000000101000
000010001000
000010001000
000011101000
000011101000
000100011000
000100011000
000010110100
000000010100
000010001000
000010001000
000000101000
000000101000
000100011000
000100011000
000011101000
000011101000
000101001000
000101001000
000011101000
000011101000
000100011000
000100011000
000000101000
000000101000
000010001000
000010001000
000101001000
000101001000
000001101000
000011010010
000000110010
000100011000
000100011000
000011101000
000011101000
000010001000
000010001000
000000101000
000000101000
000011001000
000011001000
000101001000
000101001000
000001101000
000001101000
000000101000
000000101000
000001101000
000001101000
000010001000
000010001000
000011001000
000011001000
000011110100
000001010010
000001101000
000001101000
000000101000
000000101000
000011001000
000011001000
000010001000
000010001000
000100000010
000101001000
000101001000
000011001000
000011001000
000001101000
000001101000
000010001000
000010001000
000011101000
000011101000
000000101000
000000101000
000100011000
000100011000
000001110100
000001101000
000001101000
000011001000
000011001000
000101001000
000101001000
000011101000
000011101000
000100011000
000100011000
000100100100
000011001000
000011001000
000001101000
000001101000
000101001000
000101001000
000100011000
000100011000
000011101000
000011101000
000010010100
000100110010
000101001000
000101001000
000001101000
000001101000
000011001000
000011001000
000100011000
000011101000
000011101000
000010100010
