000001011000
000001011000
000010011000
000010011000
000011101000
000011101000
000100011000
000100011000
000000010100
000010011000
000010011000
000001011000
000001011000
000100011000
000100011000
000011101000
000011101000
000000100100
000011000010
000011101000
000011101000
000100011000
000100011000
000001011000
000001011000
000010011000
000010011000
000010111000
000001111000
000001111000
000011010100
000000110100
000100011000
000100011000
000011101000
000011101000
000010011000
000010011000
000001011000
000001011000
000010111000
000010111000
000001111000
000001111000
000001000010
000001011000
000001011000
000001111000
000001111000
000010011000
000010011000
000010111000
000010111000
000011110010
000001111000
000001111000
000001011000
000001011000
000010111000
000010111000
000010011000
000010011000
000100000010
000001100010
000010111000
000010111000
000001111000
000001111000
000010011000
000010011000
000011101000
000011101000
000001011000
000001011000
000100011000
000100011000
000001111000
000001111000
000010111000
000010111000
000011101000
000011101000
000010011000
000010011000
000100011000
000100011000
000001011000
000100100100
000010000010
000001111000
000001111000
000010111000
000010111000
000100011000
000100011000
000011101000
000011101000
000010111000
000010111000
000001111000
000001111000
000100011000
000011101000
000011101000
000010100100
000101000010
