000000111000
000000111000
000011011000
000011011000
000010110010
000000010010
000011011000
000011011000
000000111000
000000111000
000011000100
000000111000
000000111000
000011011000
000011011000
000100101000
000100101000
000010101000
000011011000
000011011000
000000111000
000000111000
000100101000
000100101000
000010101000
000010101000
000001000100
000011100010
000000111000
000000111000
000010101000
000010101000
000011011000
000011011000
000100101000
000100101000
000011110100
000001010100
000010101000
000010101000
000000111000
000000111000
000100101000
000100101000
000011011000
000011011000
000100000100
000001100100
000100101000
000100101000
000010101000
000010101000
000011011000
000011011000
000000111000
000000111000
000100010100
000001110010
000010101000
000010101000
000100101000
000100101000
000000111000
000010000100
000010101000
000010101000
000100101000
000100101000
000100110100
000010010010
000100101000
000100101000
000010101000
000010101000
000101000010
