000001001000
000001001000
000010001000
000010001000
000011111000
000011111000
000100111000
000100001000
000100001000
000010110100
000000010100
000010001000
000010001000
000001001000
000001001000
000011111000
000011111000
000100111000
000100111000
000100001000
000100001000
000000100010
000011111000
000011111000
000001001000
000001001000
000010001000
000010001000
000100001000
000100001000
000100111000
000100111000
000001101000
000011010010
000000110010
000011111000
000011111000
000010001000
000010001000
000001001000
000001001000
000011001000
000011001000
000100001000
000100001000
000001101000
000001101000
000100111000
000100111000
000011100100
000001001000
000001001000
000001101000
000001101000
000010001000
000010001000
000011001000
000011001000
000001010100
000001101000
000001101000
000001001000
000001001000
000011001000
000011001000
000010001000
000010001000
000100111000
000100111000
000100001000
000100001000
000011001000
000011001000
000001101000
000001101000
000010001000
000010001000
000011111000
000011111000
000001001000
000001001000
000100010100
000001110100
000100001000
000100001000
000100111000
000100111000
000001101000
000001101000
000011001000
000011001000
000011111000
000011111000
000001001000
000001001000
000100100010
000001101000
000001101000
000011001000
000011001000
000100111000
000100111000
000100001000
000100001000
000011111000
000011111000
000010010100
000011001000
000011001000
000001101000
000001101000
000100001000
000100001000
000100111000
000100111000
000101000010
000010100010
