000000011000
000000011000
000010011000
000010011000
000100101000
000100101000
000010011000
000010011000
000000011000
000000011000
000100101000
000100101000
000011000010
000000100010
000100101000
000100101000
000000011000
000000011000
000010011000
000010011000
000010111000
000001111000
000001111000
000011010100
000000110100
000100101000
000100101000
000010011000
000010011000
000000011000
000000011000
000010111000
000010111000
000001111000
000001111000
000000011000
000000011000
000001111000
000001111000
000010011000
000010011000
000010111000
000010111000
000011110100
000001010100
000010111000
000010111000
000001111000
000001111000
000000011000
000000011000
000100101000
000100101000
000010011000
000010011000
000100000100
000001100010
000001111000
000001111000
000010011000
000010011000
000010111000
000010111000
000000011000
000000011000
000100101000
000100101000
000100010010
000001111000
000001111000
000010111000
000010111000
000100101000
000100101000
000010011000
000010011000
000010000010
000010111000
000010111000
000001111000
000001111000
000100101000
000100101000
000100110100
000010111000
000010111000
000001111000
000001111000
000010100100
000101000010
