000000111000
000000111000
000001011000
000001011000
000011001000
000011001000
000010110100
000000010100
000001011000
000001011000
000000111000
000000111000
000011001000
000011001000
000000100010
000011001000
000011001000
000000111000
000000111000
000001011000
000001011000
000010101000
000001001000
000001001000
000011010010
000011001000
000011001000
000001011000
000001011000
000000111000
000000111000
000010101000
000010101000
000001001000
000001001000
000011100100
000000111000
000000111000
000001001000
000001001000
000001011000
000001011000
000010101000
000010101000
000011110010
000001001000
000001001000
000000111000
000000111000
000010101000
000010101000
000001011000
000001011000
000001100100
000010101000
000010101000
000001001000
000001001000
000001011000
000001011000
000011001000
000011001000
000000111000
000000111000
000100010010
000001110010
000001001000
000001001000
000010101000
000010101000
000011001000
000011001000
000001011000
000000111000
000010000100
000100100010
000001001000
000001001000
000010101000
000010101000
000011001000
000011001000
000010010100
000010101000
000010101000
000001001000
000001001000
000101000100
