000000101000
000000101000
000100011000
000100011000
000100111000
000100111000
000010110010
000000010010
000100011000
000100011000
000000101000
000000101000
000100111000
000100111000
000101001000
000101001000
000011000010
000100111000
000100111000
000000101000
000000101000
000100011000
000100011000
000101001000
000101001000
000100101000
000100101000
000001101000
000011010100
000000110010
000100111000
000100111000
000100011000
000100011000
000000101000
000000101000
000100101000
000100101000
000101001000
000101001000
000001101000
000001101000
000011100100
000001000010
000101001000
000101001000
000000101000
000000101000
000001101000
000001101000
000100011000
000100011000
000100101000
000100101000
000011110100
000001010010
000100101000
000100101000
000001101000
000001101000
000000101000
000000101000
000100111000
000100111000
000100011000
000100011000
000100000100
000001101000
000001101000
000100011000
000100011000
000100101000
000100101000
000000101000
000000101000
000100111000
000100111000
000001101000
000001101000
000101001000
000101001000
000100101000
000100101000
000100111000
000100111000
000100011000
000010000010
000100101000
000100101000
000001101000
000001101000
000101001000
000101001000
000100111000
000101001000
000101001000
000100101000
000100101000
000001101000
000001101000
000010100100
