000000011000
000000011000
000001111000
000001111000
000010111000
000010111000
000011101000
000011101000
000001111000
000001111000
000000011000
000000011000
000010111000
000010111000
000011101000
000011101000
000011000010
000010111000
000010111000
000000011000
000000011000
000001111000
000001111000
000011101000
000011101000
000010011000
000010011000
000011010100
000000110100
000010111000
000010111000
000001111000
000001111000
000000011000
000000011000
000010011000
000010011000
000011101000
000011101000
000000101000
000000101000
000001000010
000011101000
000011101000
000000011000
000000011000
000000101000
000000101000
000001111000
000001111000
000010011000
000010011000
000011110010
000001010010
000010011000
000010011000
000000101000
000000101000
000000011000
000000011000
000010111000
000010111000
000001111000
000001111000
000100000010
000001100010
000000101000
000000101000
000001111000
000001111000
000010011000
000010011000
000000011000
000000011000
000010111000
000010111000
000100010010
000000101000
000000101000
000011101000
000011101000
000010011000
000010011000
000010111000
000010111000
000001111000
000001111000
000100100100
000010000010
000010011000
000010011000
000000101000
000000101000
000011101000
000011101000
000010111000
000100110010
000011101000
000011101000
000010011000
000010011000
000000101000
000000101000
000010100100
