000000011000
000000011000
000010001000
000010001000
000010111000
000010111000
000011101000
000011101000
000010001000
000010001000
000000011000
000000011000
000010111000
000010111000
000101001000
000101001000
000011101000
000011101000
000000100010
000010111000
000010111000
000000011000
000000011000
000010001000
000010001000
000011101000
000011101000
000010011000
000010011000
000101001000
000101001000
000001101000
000011010010
000000110010
000010111000
000010111000
000010001000
000010001000
000000011000
000000011000
000010011000
000010011000
000011101000
000011101000
000001101000
000001101000
000101001000
000101001000
000001000010
000000011000
000000011000
000001101000
000001101000
000010001000
000010001000
000010011000
000010011000
000011110100
000001010010
000001101000
000001101000
000000011000
000000011000
000010011000
000010011000
000010001000
000010001000
000100000010
000101001000
000101001000
000011101000
000011101000
000010011000
000010011000
000001101000
000001101000
000010001000
000010001000
000010111000
000010111000
000000011000
000000011000
000100010100
000001110100
000001101000
000001101000
000010011000
000010011000
000101001000
000101001000
000011101000
000011101000
000010111000
000010111000
000100100100
000010011000
000010011000
000001101000
000001101000
000011101000
000011101000
000101001000
000101001000
000010111000
000010111000
000100110010
000011101000
000011101000
000101001000
000101001000
000001101000
000001101000
000010011000
000010011000
000010111000
000010100010
