000010101000
000010101000
000011101000
000011101000
000100001000
000100001000
000010110010
000000010010
000011101000
000011101000
000010101000
000010101000
000100001000
000100001000
000011000100
000000100010
000100001000
000100001000
000010101000
000010101000
000011101000
000011101000
000000110100
000100001000
000100001000
000011101000
000011101000
000010101000
000010101000
000011111000
000011111000
000011011000
000011011000
000001000100
000010101000
000010101000
000011011000
000011011000
000011101000
000011101000
000011111000
000011111000
000001010100
000011011000
000011011000
000010101000
000010101000
000011111000
000011111000
000011101000
000011101000
000001100010
000011111000
000011111000
000011011000
000011011000
000011101000
000011101000
000100001000
000100001000
000010101000
000010101000
000100010010
000011011000
000011011000
000011111000
000011111000
000100001000
000100001000
000011101000
000011101000
000010101000
000010000100
000100100010
000011011000
000011011000
000011111000
000011111000
000100001000
000100001000
000010010010
000011111000
000011111000
000011011000
000011011000
000100001000
000100001000
000101000010
