000000111000
000000111000
000001011000
000001011000
000011001000
000011001000
000010110100
000000010100
000001011000
000001011000
000000111000
000000111000
000011001000
000011001000
000000100010
000011001000
000011001000
000000111000
000000111000
000001011000
000001011000
000001001000
000001001000
000011010010
000011001000
000011001000
000001011000
000001011000
000000111000
000000111000
000010001000
000010001000
000001001000
000001001000
000000111000
000000111000
000001001000
000001001000
000001011000
000001011000
000010001000
000010001000
000011110010
000001001000
000001001000
000000111000
000000111000
000010001000
000010001000
000001011000
000001011000
000001100100
000100000010
000010001000
000010001000
000001001000
000001001000
000001011000
000001011000
000011001000
000011001000
000000111000
000000111000
000100010100
000001110010
000001001000
000001001000
000010001000
000010001000
000011001000
000011001000
000001011000
000000111000
000100100100
000001001000
000001001000
000010001000
000010001000
000011001000
000011001000
000010010100
000100110010
000010001000
000010001000
000001001000
000001001000
000101000100
000010100010
