000001111000
000001111000
000100101000
000100101000
000100101000
000100101000
000001111000
000001111000
000000100100
000011000010
000001111000
000001111000
000100101000
000100101000
000011010100
000000110100
000100101000
000100101000
000001111000
000001111000
000011111000
000011111000
000001000100
000011100010
000001111000
000001111000
000011111000
000011111000
000100101000
000100101000
000001010100
000011111000
000011111000
000001111000
000001111000
000100101000
000100101000
000100000100
000001100010
000011111000
000011111000
000100101000
000100101000
000001111000
000001111000
000100010100
000011111000
000011111000
000100101000
000100101000
000001111000
000001111000
000010000010
000011111000
000011111000
000100110100
000010010010
000011111000
000011111000
000010100100
000101000010
