000000011000
000000011000
000010011000
000010011000
000100011000
000100011000
000100101000
000100101000
000010011000
000010011000
000000011000
000000011000
000100011000
000100011000
000100101000
000100101000
000000100100
000011000010
000100011000
000100011000
000000011000
000000011000
000010011000
000010011000
000100101000
000100101000
000010111000
000001101000
000011010100
000000110010
000100011000
000100011000
000010011000
000010011000
000000011000
000000011000
000010111000
000010111000
000100101000
000100101000
000001101000
000001101000
000101001000
000101001000
000001000010
000101001000
000101001000
000100101000
000100101000
000000011000
000000011000
000001101000
000001101000
000010011000
000010011000
000010111000
000010111000
000011110100
000001010010
000101001000
000101001000
000010111000
000010111000
000001101000
000001101000
000000011000
000000011000
000100011000
000100011000
000010011000
000010011000
000100000100
000101001000
000101001000
000001101000
000001101000
000010011000
000010011000
000010111000
000010111000
000000011000
000000011000
000100011000
000100011000
000001110100
000001101000
000001101000
000100101000
000100101000
000010111000
000010111000
000100011000
000100011000
000010011000
000010011000
000101001000
000101001000
000010000010
000010111000
000010111000
000001101000
000001101000
000100101000
000100101000
000101001000
000101001000
000100011000
000100110100
000100101000
000100101000
000010111000
000010111000
000001101000
000001101000
000101001000
000101001000
000010100100
